/home/ganesh/Documents/Documents/p3_venv/bin/python /home/ganesh/Documents/Documents/DM/proj3_tf/code/train.py

 K-mean clustering on training data:
----------------------------------------------------------------------------------------------------
[5 5 5 5 5 5 5 5 5 5 5 5 5 5 5 5 5 5 5 5 5 5 5 5 5 5 5 5 5 5 2 2 2 2 2 2 2
 2 2 2 2 2 2 2 2 2 2 2 2 2 2 2 2 2 2 2 2 2 2 2 2 2 2 2 2 2 0 0 0 0 0 0 0 0
 0 0 0 0 0 0 0 0 0 0 0 0 0 0 0 0 0 0 0 0 0 0 0 0 0 0 0 0 0 0 0 0 4 4 4 4 4
 4 4 4 4 4 4 4 4 4 4 4 4 4 4 4 4 4 4 4 4 4 4 4 4 4 4 4 4 4 4 4 4 4 4 4 4 1
 1 1 1 1 1 1 1 1 1 1 1 1 1 1 1 1 1 1 1 1 1 1 1 1 1 1 1 1 1 1 1 1 1 1 1 1 1
 3 3 3 3 3 3 3 3 3 3 3 3 3 3 3 3 3 3 3 3 3 3 3 3 3 3 3 3 3 3 3 3 3 3 3 3]
----------------------------------------------------------------------------------------------------
Calculated Metrics:
Classification Error  = 30.32%
SSE                   = 26430.913
Accuracy              = 0.285
Precision             = 0.317
Recall                = 0.285
F1 Score              = 0.280

 DBSCAN clustering on training data:
----------------------------------------------------------------------------------------------------
[ 0  0  0  0  0  0  0  0  0  0  0  0  0  0  0  0  0  0  0  0  0  0  0  0
  0  0  0  0  1  1  1  1  1  1  1  1  1  1  1  1  1  1  1  1  1  1  1  1
  1  1  1  1  1  1 -1 -1 -1 -1 -1 -1 -1 -1 -1 -1 -1  2  2  2  2  2  2  2
  2  2  2  2  2  2  2  2  2  2  2  2  2  2 -1  2  3  3  3  3  3  3  3  3
  3  3  3  3  3  3  3  3  3  3  3  3  3  3  3  3  3  3  3  3  3  3  3  3
  3  3  3  3  3  3  3  3  3  3  3  3  3  3  3  3  3  3  3  3  3  3  3  3
  3  3  3  3  3  3  3  3  3  3  3  3  3  3  3  3  3  3  3  3  3  3  3  3
  3  3  3  3  3  3  3  3  3  3  3  3  3  3  3  3  3  3  3  3  3  3  3  3
  3  3  3  3  3  4  4  4  4  4  4  4 -1 -1 -1 -1 -1  5  5  5  5  5  5  5
  5  5  5  5  5]
----------------------------------------------------------------------------------------------------
Calculated Metrics:
Classification Error  = 56.11%
Accuracy              = 0.231
Precision             = 0.117
Recall                = 0.231
F1 Score              = 0.153

Process finished with exit code 0

